  0.000   0.000
  0.299   0.295
  0.598   0.563
  0.898   0.782
  1.197   0.931
  1.496   0.997
  1.795   0.975
  2.094   0.866
  2.394   0.680
  2.693   0.434
  2.992   0.149
  3.291  -0.149
  3.590  -0.434
  3.890  -0.680
  4.189  -0.866
  4.488  -0.975
  4.787  -0.997
  5.086  -0.931
  5.386  -0.782
  5.685  -0.563
  5.984  -0.295
  6.283  -0.000
  6.582   0.295
  6.882   0.563
  7.181   0.782
  7.480   0.931
  7.779   0.997
  8.078   0.975
  8.378   0.866
  8.677   0.680
  8.976   0.434
  9.275   0.149
  9.574  -0.149
  9.874  -0.434
 10.173  -0.680
 10.472  -0.866
 10.771  -0.975
 11.070  -0.997
 11.370  -0.931
 11.669  -0.782
 11.968  -0.563
 12.267  -0.295
 12.566  -0.000
